468
426
201
317
81
259
337
68
329
24
220
73
296
82
457
119
95
147
76
208
4
103
423
92
105
16
46
285
476
85
499
433
403
195
419
112
435
222
193
280
490
302
466
366
481
349
397
195
442
209
343
162
29
202
409
303
489
37
29
469
121
282
109
400
283
472
25
188
190
56
118
487
485
465
497
46
235
381
452
241
237
455
169
456
403
276
377
298
37
91
427
314
162
252
208
315
77
195
206
362
72
97
92
422
284
347
356
210
69
43
54
357
325
324
317
54
227
372
282
211
143
346
418
400
335
212
241
287
321
229
283
39
23
241
357
398
166
119
457
83
93
478
495
457
135
178
191
222
130
234
66
393
341
110
317
16
355
349
12
35
226
316
108
30
136
124
268
224
66
367
176
488
407
484
493
146
373
485
235
30
404
162
330
333
84
336
451
389
347
436
395
134
375
129
160
5
286
245
408
440
366
266
49
285
49
485
421
280
400
167
67
327
17
298
86
229
341
260
62
197
106
3
193
379
312
103
53
298
185
490
303
6
457
219
243
417
354
357
452
162
193
193
380
59
220
176
401
376
252
139
